59 0
79 2.2
76 4.7
63 6.1
114 6.8
40 11.4
112 13.7
98 15.6
45 16.6
107 17.8
110 18.9
51 19.9
56 24.8
96 0
77 1.4
76 2.3
63 3.7
40 9
112 13.2
85 14.7
107 15.7
45 16.9
35 0
79 0.9
78 1.3
78 1.8
77 2.3
76 3.2
63 4.6
114 5.3
4 7
30 10.6
118 11.1
29 15.1
35 0
76 2
82 2.4
75 3.7
75 4.6
26 5.5
1 9.1
111 11.8
9 14.9
45 16.7
96 0
78 0.7
78 1.1
77 1.5
76 2.6
63 3.7
40 9
98 13.5
87 17
23 0
75 2.7
26 3.8
69 5
119 5.4
1 7.2
40 9
62 10
112 11.4
112 13.1
87 14.1
45 17.2
110 18.3
75 0
26 2.2
69 3.2
119 3.9
118 6.8
68 7.4
111 8.4
90 9.3
112 11.5
45 12.5
18 13.8
51 17.6
79 0
36 4.4
76 8.9
63 10.3
114 11
4 12.7
119 14
40 15.9
8 22
75 0
119 4.6
1 6.6
68 9
111 10
90 10.6
91 10.8
8 12
80 0
76 2.1
75 3.6
16 5.3
119 7.4
1 8.9
118 9.4
68 10.1
111 11.9
112 14.7
87 17.1
70 18.1
19 20.9
65 23.3
66 25.7
23 0
75 1.8
26 3.8
119 5.4
1 7.2
40 9
112 12.6
45 13.7
45 16
11 0
60 15.5
2 17.7
131 18.4
5 20.7
67 23.5
71 24.4
85 26.4
114 28.4
85 30.2
40 33.1
112 35.5
112 37.3
42 38.8
10 40.2
64 47.5
110 0
15 2.3
87 3.4
112 4
112 5.2
40 7.5
12 14.6
131 0
95 11.8
105 15.2
73 18.5
58 19.3
45 21
45 23.3
13 0
105 2.5
85 10.2
4 14.1
119 16.7
86 18.2
87 0
70 0.5
18 1.5
87 2.8
98 3.5
58 5
73 5.9
84 7.2
17 8.2
40 9.7
85 12.6
46 14.5
47 16.1
95 16.7
23 0
75 2
26 4
119 5.8
1 7.3
68 8.5
111 10.3
112 12.6
45 13.7
87 14.7
70 16.7
110 18.7
51 20.7
56 26.5
13 0
75 5.8
58 6.7
112 8.8
111 10
30 11.1
86 14
86 0
119 2.8
1 4.4
111 7.1
112 8.6
58 10.1
41 11.3
18 12.4
34 13.9
51 16.2
44 0
86 6
117 6.9
31 7.7
30 8.4
90 9.2
111 9.6
28 9.8
90 10.2
8 10.9
91 11.9
33 20.5
86 0
1 2.4
40 3.9
85 7.8
46 8.8
83 9.7
130 10.9
95 11.1
20 13.6
71 14.1
67 14.6
5 17.2
131 18.7
119 20.5
10 0
42 3
98 4
75 6.6
73 7.6
105 8.6
83 10.6
95 12.6
71 15.1
5 18.7
131 21.2
2 22.2
32 25.2
109 0
48 6.7
43 14.3
26 15.3
85 23
46 25.6
95 27.8
80 0
76 2.3
75 4.2
111 4.8
38 9
32 17.5
53 23
39 27.2
11 31
54 36
92 40
24 42.5
11 0
43 25.9
69 28.3
40 32.4
18 38
110 40
76 46.2
11 0
109 12.8
43 25.9
69 28.3
76 29.6
40 32.4
17 34
84 35
73 36.3
19 38.7
51 42.3
89 47.5
